# Joint positions saved at 2025-08-31 21:51:59
# Format: 22 joint positions (in sim_joint_names order) followed by time_from_start
# j_pelvis_l j_pelvis_r j_shoulder_l j_shoulder_r j_thigh1_l j_thigh1_r j_high_arm_l j_high_arm_r j_thigh2_l j_thigh2_r j_low_arm_l j_low_arm_r j_tibia_l j_tibia_r j_ankle1_l j_ankle1_r j_ankle2_l j_ankle2_r j_pan j_tilt j_gripper_r j_gripper_l time_from_start
0.069115 -0.021502 -1.101233 -1.131951 -0.116728 0.021502 1.067211 1.110216 0.265709 -0.228848 -1.175276 1.015544 -0.821701 0.849347 -0.463839 0.559064 -0.124407 0.006144 0.000000 0.000000 0.000000 0.000000 0.000
0.072187 -0.030718 -1.128879 -1.131951 -0.113656 0.023038 0.953556 1.102537 0.267245 -0.228848 -1.910968 1.834173 -0.823237 0.849347 -0.460767 0.554456 -0.124407 0.007679 0.000000 0.000000 0.000000 0.000000 0.250
0.069115 -0.021502 -1.101233 -1.131951 -0.116728 0.021502 1.067211 1.110216 0.265709 -0.228848 -1.175276 1.015544 -0.821701 0.849347 -0.463839 0.559064 -0.124407 0.006144 0.000000 0.000000 0.000000 0.000000 0.50
0.072187 -0.030718 -1.128879 -1.131951 -0.113656 0.023038 0.953556 1.102537 0.267245 -0.228848 -1.910968 1.834173 -0.823237 0.849347 -0.460767 0.554456 -0.124407 0.007679 0.000000 0.000000 0.000000 0.000000 0.750
0.069115 -0.021502 -1.101233 -1.131951 -0.116728 0.021502 1.067211 1.110216 0.265709 -0.228848 -1.175276 1.015544 -0.821701 0.849347 -0.463839 0.559064 -0.124407 0.006144 0.000000 0.000000 0.000000 0.000000 1.000
0.072187 -0.030718 -1.128879 -1.131951 -0.113656 0.023038 0.953556 1.102537 0.267245 -0.228848 -1.910968 1.834173 -0.823237 0.849347 -0.460767 0.554456 -0.124407 0.007679 0.000000 0.000000 0.000000 0.000000 1.250

